burn,1Stage,2Stage,3Stage,4Stage,5Stage,6Stage,E1Stage,E2Stage,E3Stage,E4Stage,E5Stage,E6Stage,C1Stage,C2Stage,C3Stage,C4Stage,C5Stage,C6Stage,S1Stage,S2Stage,S3Stage,S4Stage,S5Stage,S6Stage,O1Stage,O2Stage,O3Stage,O4Stage,O5Stage,O6Stage
0,298750.,512750.4909102426,726750.,940750.8927053222,1.15475e6,1.36875e6,55.381903338828124,120.90577451139688,182.30091301491484,232.42590797191951,293.12957610655576,348.327891580062,17616,15787,15962,17643,17442,17862,1.,1.7163196348460004,2.4326359832635984,3.148956963030367,3.8652719665271964,4.581589958158996,0.,71.63196348460004,143.2635983263598,214.89569630303671,286.5271966527196,358.1589958158996
50,323750.,537749.0328216648,749250.,960752.0299007604,1.17975e6,1.38375e6,58.50835486903088,120.0006433527451,182.28949070954695,247.8327196855098,297.42447206610814,367.49170195357874,15784,16026,15964,15518,16942,16048,0.9999999999999999,1.6610008735804318,2.314285714285714,2.967573837531306,3.644015444015444,4.274131274131274,0.,66.10008735804318,131.42857142857142,196.7573837531306,264.4015444015444,327.41312741312737
100,348750.21137478156,562750.4795495329,771750.,990750.,1.204181092694905e6,1.4137472804305507e6,55.18641497835051,119.49827710632235,178.62274127500132,242.2448946776567,498.7824272136204,352.2552753223572,17741,16161,16626,16242,16290,17466,0.9999999999999999,1.613620468733645,2.2129018845830752,2.8408584932305563,3.4528469185667143,4.053753185861954,0.,61.36204687336452,121.29018845830753,184.08584932305564,245.28469185667143,305.3753185861954
150,373750.,587750.,801749.266129536,1.0107519074724476e6,1.2297488781596138e6,1.4437459311290046e6,55.11964411800727,121.27128627174534,182.02168271364644,240.24120051495265,291.7691507493146,351.8022776276339,17784,15692,16011,16514,17605,17511,1.,1.5725752508361204,2.145148538139227,2.704352929692168,3.290298001764853,3.8628653675692433,0.,57.25752508361204,114.51485381392268,170.43529296921676,229.0298001764853,286.2865367569243
300,448750.2172024327,662750.4418723986,876749.3453674299,1.0907508887760285e6,1.3047477893440789e6,1.5187471191169336e6,55.942142271320336,114.70695027336478,171.91240465221927,231.91372689628042,289.61349253798835,362.5540550448932,17265,17539,17949,17721,17868,16488,1.,1.4768804926804742,1.9537580412399564,2.4306414726123404,2.9075145578269503,3.384393056308699,0.,47.68804926804742,95.37580412399565,143.064147261234,190.75145578269502,238.43930563086988
450,523750.2107807318,737750.,951750.,1.160751776649746e6,1.37975e6,1.5937486720715684e6,55.108797263295855,114.04870962561108,178.25850157730747,231.85484560532495,305.6936413634103,348.1038023480214,17791,17742,16694,17730,16038,17885,1.,1.4085913185605559,1.817183039566261,2.2162316172044374,2.634366481577671,3.0429556671601836,0.,40.859131856055576,81.71830395662609,121.62316172044372,163.43664815776708,204.29556671601833
600,598750.2074688796,812750.4509222086,1.026749271046591e6,1.2407509510295272e6,1.45475e6,1.66875e6,54.674057291820645,115.87586158397608,181.41074011602905,239.8999876906164,291.9765760174487,348.46450545825064,18075,17187,16119,16561,17580,17848,1.,1.3574115562447664,1.7148207353230134,2.0722346907813236,2.4296442520658523,2.7870554017081224,0.,35.74115562447663,71.48207353230134,107.22346907813238,142.96442520658525,178.70554017081227
900,748750.,962750.4443043055,1.1767493480552628e6,1.390751912568306e6,1.6047488247545373e6,1.81875e6,55.37247239355929,115.02223179792054,171.5590499714017,240.56195810018107,298.63460855791345,351.892741947202,17622,17443,18023,16470,16805,17502,1.,1.2858102761994064,1.5716184948985146,1.8574316027623452,2.143237161608731,2.4290484140233723,0.,28.58102761994063,57.161849489851456,85.74316027623453,114.32371616087309,142.9048414023372
1200,898750.2218803621,1.1127495570669258e6,1.3267486051756884e6,1.540751968503937e6,1.7547488281018217e6,1.9687486835541266e6,56.54147198284045,114.84456658223644,177.4417734486051,244.05512709147297,298.20893964054994,346.5952263912186,16901,17497,16848,16002,16853,18041,0.9999999999999999,1.2381076855133732,1.4762150516078532,1.7143272190580168,1.952432150092316,2.190540414482588,0.,23.81076855133732,47.621505160785325,71.43272190580169,95.24321500923162,119.05404144825881
2100,1.3487502127901039e6,1.5627486857724267e6,1.77675e6,1.9907517071320182e6,2.204748871622008e6,2.4187486553813056e6,55.370900948764756,114.21301247389056,174.0943039106205,227.27265337202698,292.61823437782004,350.28498928807676,17623,17691,17502,18452,17503,17663,1.,1.1586642737498687,1.3173306540760505,1.4759973257122476,1.6346606293104005,1.7933258749058805,0.,15.866427374986877,31.733065407605064,47.599732571224756,63.46606293104006,79.33258749058805
3000,1.7987502094153124e6,2.0127490667148363e6,2.22675065521664e6,2.440751810552937e6,2.6547488786691646e6,2.8687459371614303e6,54.92997802677564,117.87883939780295,171.9890931523405,234.0570251136087,291.70286812260747,351.54134254157543,17907,16608,17933,17398,17613,17537,1.,1.1189708588659926,1.2379432361208451,1.3569153725609897,1.475885236745627,1.594855095579904,0.,11.897085886599266,23.794323612084522,35.691537256098975,47.58852367456271,59.48550955799039
4500,2.5487497838990376e6,2.7627491134751774e6,2.9755353055017972e6,3.1907509086713204e6,3.4047488496709187e6,3.61875e6,55.800087911076844,114.88726202491671,865.9977226830088,234.49556742282584,295.45133539289236,344.2462501185946,17353,17484,18085,17333,17169,18288,1.,1.083962470905546,1.167448968234877,1.2518886431410146,1.335850569239632,1.419813754516182,0.,8.396247090554608,16.7448968234877,25.188864314101462,33.58505692396321,41.98137545161819
6000,3.2987502218016204e6,3.51275e6,3.72675e6,3.94075e6,4.15475e6,4.36875e6,56.5314362696372,113.35429728403687,173.66806508833542,243.16004414623603,285.6592872105539,356.4021168462932,16907,17960,17588,16120,18366,17062,1.,1.06487298637649,1.1297460399910566,1.1946190936056231,1.2594921472201899,1.3243652008347564,0.,6.4872986376489905,12.974603999105652,19.461909360562313,25.949214722018972,32.436520083475635
7500,4.0487501986965504e6,4.26275e6,4.47675e6,4.69075188149564e6,4.90475e6,5.11875e6,53.50547806080431,115.87923363037407,177.2419656002894,238.5994005277753,288.8063013572246,344.755711494945,18873,17186,16886,16742,17968,18234,0.9999999999999999,1.0528557680274628,1.1057115851309471,1.1585678669446622,1.2114232193379153,1.2642790364413996,0.,5.285576802746299,10.571158513094714,15.85678669446622,21.142321933791543,26.42790364413996
9000,4.79875e6,5.012749572932165e6,5.22675e6,5.44075e6,5.654748933988233e6,5.868748781863877e6,54.45004810299724,112.7686311127618,169.72750611416996,231.9726523309946,284.4151558615267,333.4002409139648,18224,18147,18414,17712,18527,19497,1.,1.0445948576050357,1.0891898932013544,1.1337848398020318,1.1783795642590744,1.2229744791589219,0.,4.459485760503571,8.918989320135452,13.378483980203177,17.837956425907436,22.297447915892192
10500,5.54875e6,5.762750409122103e6,5.97675e6,6.19075e6,6.404747927379578e6,6.61875e6,52.60302995610982,110.37345270905644,168.61384322773665,223.55905056931078,280.42421043105423,347.08625536970794,19526,18943,18658,19070,19058,17990,1.,1.0385673186072724,1.0771344897499437,1.1157017346249154,1.1542686059706382,1.1928362243748591,0.,3.856731860727243,7.7134489749943675,11.570173462491553,15.426860597063813,19.28362243748592
12000,6.298750195812229e6,6.512750410596026e6,6.726750654924475e6,6.940749122513789e6,7.15475e6,7.36875e6,53.11564005352557,110.57212833873928,171.95073607563972,230.4357764488086,295.2707771472633,349.58294900879264,19151,18875,17941,17949,17190,17734,1.,1.0339750280819324,1.0679500608544223,1.1019248115488685,1.1358999448425322,1.1698749388250336,0.,3.39750280819323,6.7950060854422345,10.192481154886845,13.589994484253223,16.98749388250336
13500,7.048750208090561e6,7.26275e6,7.47675e6,7.690749102512964e6,7.904747748261316e6,8.11875e6,54.75592706352472,113.25972543656826,178.62274127546698,233.0476842680946,292.29270880296826,353.61463043279946,18021,17990,16626,17549,17542,17332,1.,1.0303599624886424,1.0607199544989097,1.0910798191834796,1.1214396190672553,1.151799930529712,0.,3.0359962488642234,6.071995449890962,9.107981918347962,12.143961906725531,15.179993052971177
15000,7.79875e6,8.01275e6,8.226749302712006e6,8.44074910648437e6,8.65475e6,8.86875e6,55.508111513219774,116.51841913722456,177.4259754102677,232.53139082342386,299.3033813480288,355.2378479614854,17536,16998,16851,17627,16730,17174,1.,1.0274402949190575,1.0548805004278898,1.082320770185526,1.1097611796762301,1.1372014745952876,0.,2.744029491905754,5.48805004278898,8.232077018552593,10.976117967623017,13.72014745952877
15000,7.79875e6,8.01275e6,8.226749302712006e6,8.44074910648437e6,8.65475e6,8.86875e6,55.508111513219774,116.51841913722456,177.4259754102677,232.53139082342386,299.3033813480288,355.2378479614854,17536,16998,16851,17627,16730,17174,1.,1.0274402949190575,1.0548805004278898,1.082320770185526,1.1097611796762301,1.1372014745952876,0.,2.744029491905754,5.48805004278898,8.232077018552593,10.976117967623017,13.72014745952877
16500,8.548750213201433e6,8.76275e6,8.976749331968844e6,9.19075e6,9.404746600493431e6,9.61875e6,55.424402214586735,112.61666304059327,173.66312693990767,233.4405068922788,293.23889306373894,342.0274582467973,17589,18196,17589,17490,17429,18526,1.,1.025032873982924,1.0500656947616123,1.0750986718277435,1.100131173088918,1.125164469672563,0.,2.5032873982924047,5.006569476161224,7.509867182774349,10.013117308891802,12.516446967256293
25000,1.279875e7,1.3012750406930953e7,1.3221749355210448e7,1.3440751726784343e7,1.3654751072495248e7,1.3863748780988554e7,53.995590852573514,110.07743710651994,170.614832457155,228.57732345163822,285.2789112087339,333.5200269948691,18532,19045,18223,18242,18415,19483,0.9999999999999999,1.0167204146444733,1.0330500521699735,1.0501612834678653,1.0668816151964253,1.0832111558541695,0.,1.6720414644473345,3.305005216997345,5.0161283467865445,6.688161519642528,8.321115585416962