pipes,__fw_admit,__fw_dispatch,__fw_relinquish,__fw_unblock,__schedule,__fw_release,activate_task,E__fw_admit,E__fw_dispatch,E__fw_relinquish,E__fw_unblock,E__schedule,E__fw_release,Eactivate_task,C__fw_admit,C__fw_dispatch,C__fw_relinquish,C__fw_unblock,C__schedule,C__fw_release,Cactivate_task,EL__fw_admit,EL__fw_dispatch,EL__fw_relinquish,EL__fw_unblock,EL__schedule,EL__fw_release,ELactivate_task,ER__fw_admit,ER__fw_dispatch,ER__fw_relinquish,ER__fw_unblock,ER__schedule,ER__fw_release,ERactivate_task
4,2.2710268475890476e7,1.7061454385964912e8,1.7306769086481407e8,1.4408158286921856e8,2.4231967897184056e8,20500.,1.4205547568231848e8,975828.0405931287,331169.1948376298,428025.8143287003,353503.6603346169,547131.4331256151,0.,353468.7340402305,4127,443916,202240,237549,524549,4004,241676,2.1734440435297348e7,1.702833746648115e8,1.7263966505048537e8,1.4372807920888394e8,2.4177254753871495e8,20500.,1.4170200694827825e8,2.3686096516483605e7,1.7094571305448675e8,1.7349571667914277e8,1.4443508652955317e8,2.4286681040496618e8,20500.,1.424089444163587e8
5,1.9699714562636297e7,1.1817475872100696e8,1.1843919563449769e8,1.0128077726291773e8,1.438549137728974e8,20500.,9.939434975083819e7,482660.19821086526,387460.8962301761,533279.7645990252,304879.1602358073,511106.86785930395,0.,303519.52013775706,4127,265193,91009,170057,343871,4004,174184,1.9217054364425432e7,1.1778729782477678e8,1.1790591586989866e8,1.0097589810268192e8,1.433438069050381e8,20500.,9.909083023070043e7,2.0182374760847162e7,1.1856221961723714e8,1.1897247539909671e8,1.0158565642315353e8,1.443660206407567e8,20500.,9.969786927097595e7
6,1.9885900508967523e7,9.032878482087131e7,8.986576735680635e7,7.809690745380744e7,9.92917123972254e7,20500.,7.647333162857322e7,502624.3430291563,429707.5443726629,625008.8501715213,259275.55993711948,477831.9974747747,0.,257200.19004791975,4126,200275,56462,139687,276941,4004,143813,1.9383276165938366e7,8.989907727649865e7,8.924075850663483e7,7.783763189387032e7,9.881388039975062e7,20500.,7.62161314385253e7,2.038852485199668e7,9.075849236524397e7,9.049077620697787e7,7.835618301374456e7,9.976954439470017e7,20500.,7.673053181862114e7
7,1.8745115971885603e7,7.317304291423452e7,6.838348022440393e7,6.1485400153244816e7,7.032577965913558e7,20500.,5.988732254334182e7,250595.94046908617,524699.2174824029,728184.9602296054,237376.6625442356,480460.6475894451,0.,233685.4907407388,4126,142878,35650,103103,216215,4004,107229,1.8494520031416517e7,7.264834369675212e7,6.765529526417433e7,6.124802349070058e7,6.984531901154613e7,20500.,5.9653637052601084e7,1.899571191235469e7,7.369774213171692e7,6.911166518463354e7,6.172277681578905e7,7.080624030672503e7,20500.,6.012100803408256e7
8,1.832364271868185e7,6.279554935058558e7,5.5905541237675995e7,5.059131969439354e7,5.5227333598970145e7,20500.,4.923161803993622e7,155957.88433571905,595297.4635081142,831458.7730808631,210877.76260228455,483006.74600975215,0.,206117.7466277182,4127,122187,27487,90574,195756,4004,94701,1.816768483434613e7,6.2200251887077466e7,5.507408246459513e7,5.038044193179125e7,5.474432685296039e7,20500.,4.9025500293308504e7,1.847960060301757e7,6.3390846814093694e7,5.673700001075686e7,5.080219745699582e7,5.57103403449799e7,20500.,4.943773578656394e7
9,1.839249115580325e7,5.850632664607511e7,4.936615830861867e7,4.292150107926854e7,4.641355759174472e7,20500.,4.166662780891654e7,178384.34893065318,736169.8392281011,994914.6680647582,194916.9789256826,529214.9104434922,0.,188813.28056435287,4127,100041,22254,73661,172108,4004,77788,1.8214106806872595e7,5.7770156806847006e7,4.8371243640553914e7,4.2726584100342855e7,4.588434268130123e7,20500.,4.1477814528352186e7,1.85708755047339e7,5.924249648530321e7,5.036107297668343e7,4.311641805819422e7,4.694277250218821e7,20500.,4.185544108948089e7
10,1.810832658749394e7,5.2542119550144784e7,4.191220638380316e7,3.932213582975241e7,4.101916650708654e7,20500.,3.823823357569966e7,132055.63222496957,695426.2549591586,877510.6548372433,171381.68220973015,487391.0875053853,0.,165833.12886386365,4126,98076,20646,73305,169194,4004,77431,1.797627095526897e7,5.1846693295185626e7,4.1034695728965916e7,3.915075414754268e7,4.053177541958115e7,20500.,3.807240044683579e7,1.824038221971891e7,5.323754580510394e7,4.27897170386404e7,3.949351751196214e7,4.150655759459192e7,20500.,3.840406670456352e7
12,1.7870284831596803e7,4.92334658479908e7,3.4851382414332926e7,3.262611454728708e7,3.426103972931096e7,20500.,3.1715967057825536e7,72666.75483083725,816553.1973791271,904490.0512163714,152960.6472766623,510590.3672115505,0.,145877.8149738945,4127,80903,17247,59530,151022,4004,63657,1.7797618076765966e7,4.841691265061168e7,3.3946892363116555e7,3.247315390001042e7,3.375044936209941e7,20500.,3.157008924285164e7,1.794295158642764e7,5.005001904536993e7,3.57558724655493e7,3.2779075194563743e7,3.477163009652251e7,20500.,3.186184487279943e7
14,1.78423526774897e7,4.658538340641805e7,3.1160822929658268e7,2.847157859912882e7,3.068993201541911e7,20500.,2.776867967575509e7,63076.280680622905,873318.5321052298,901257.1437327825,126002.1121215187,516639.66200889647,0.,119257.54089035839,4127,74571,16036,54409,144496,4004,58536,1.777927639680908e7,4.571206487431282e7,3.0259565785925485e7,2.83455764870073e7,3.0173292353410214e7,20500.,2.7649422134864733e7,1.7905428958170325e7,4.745870193852328e7,3.206208007339105e7,2.859758071125034e7,3.1206571677428007e7,20500.,2.788793721664545e7
16,1.7740420402229223e7,4.539364185021396e7,2.87855138795537e7,2.597542161237689e7,2.844420517530291e7,20500.,2.5403952123790823e7,40554.02410950139,916779.762360096,907935.1248683222,114923.1787562333,520609.71322228014,0.,107877.30555064231,4127,69873,14878,50869,139644,4004,54996,1.7699866378119722e7,4.4476862087853864e7,2.787757875468538e7,2.5860498433620658e7,2.792359546208063e7,20500.,2.529607481824018e7,1.7780974426338725e7,4.6310421612574056e7,2.9693449004422024e7,2.6090344791133124e7,2.896481488852519e7,20500.,2.5511829429341465e7
20,1.7654749212503027e7,4.393678343555474e7,2.5603234437464304e7,2.283778801940519e7,2.605377158908981e7,20500.,2.2469238333624385e7,19797.56833935529,977433.0757538006,822309.9011891149,94404.62793824822,525789.2493811361,0.,87704.12835804373,4127,65544,14008,47410,135543,4004,51537,1.7634951644163672e7,4.295935035980094e7,2.478092453627519e7,2.274338339146694e7,2.5527982339708675e7,20500.,2.238153420526634e7,1.7674546780842382e7,4.491421651130854e7,2.642554433865342e7,2.2932192647343438e7,2.6579560838470947e7,20500.,2.255694246198243e7
24,1.7667430215653017e7,4.256624629901307e7,2.3804206146304674e7,2.1261370149534028e7,2.3897859343438238e7,20500.,2.09904410927535e7,24162.0258407183,986614.1749590337,729661.3459479213,82877.66626847535,505139.3338122219,0.,76151.01794029772,4127,59984,13260,42599,129706,4004,46726,1.76432681898123e7,4.157963212405404e7,2.3074544800356753e7,2.1178492483265553e7,2.3392720009626016e7,20500.,2.0914290074813202e7,1.7691592241493735e7,4.3552860473972104e7,2.4533867492252596e7,2.1344247815802503e7,2.440299867725046e7,20500.,2.1066592110693797e7
28,1.7658775933107127e7,4.557318503159558e7,2.313069528869443e7,1.960576546939226e7,2.343197493549726e7,20500.,1.945329881114551e7,22072.578177012503,1.1323383141162395e6,773323.9018372707,67832.93631596118,541633.131665498,0.,61213.30508542806,4126,53172,12799,36249,122863,4004,40375,1.7636703354930114e7,4.444084671747934e7,2.235737138685716e7,1.9537932533076297e7,2.2890341803831764e7,20500.,1.9392085506060082e7,1.768084851128414e7,4.670552334571182e7,2.39040191905317e7,1.967359840570822e7,2.397360806716276e7,20500.,1.951451211623094e7
32,1.765238378574891e7,4.388857985213896e7,2.2085261449342974e7,1.9382068246347632e7,2.3205810438969176e7,20500.,1.926208793272371e7,20070.935258708894,1.0863433493169323e6,686631.0557885282,62057.87610379979,528044.7208109014,0.,56325.2840590775,4126,55728,12861,38742,125453,4004,42868,1.76323128504902e7,4.280223650282203e7,2.1398630393554445e7,1.9320010370243832e7,2.2677765718158275e7,20500.,1.920576264866463e7,1.767245472100762e7,4.497492320145589e7,2.27718925051315e7,1.9444126122451432e7,2.3733855159780078e7,20500.,1.9318413216782786e7
40,1.7652942209837653e7,4.0717182278834894e7,2.0946116824607737e7,1.906827543436653e7,2.200242102670408e7,20500.,1.8983095011046484e7,20172.309140637517,997303.6174468622,573911.8362878673,48249.94259333983,489320.3520203717,0.,43967.6631806232,4127,57231,12874,40231,126872,4004,44358,1.7632769900697015e7,3.971987866138803e7,2.037220498831987e7,1.902002549177319e7,2.151310067468371e7,20500.,1.893912734786586e7,1.767311451897829e7,4.171448589628176e7,2.1520028660895605e7,1.911652537695987e7,2.2491741378724452e7,20500.,1.9027062674227107e7
48,1.763689205233826e7,4.157415275078555e7,2.0705425121721376e7,1.8688142468192052e7,2.191217490497346e7,20500.,1.863213779090372e7,15610.119266521186,1.0323761891252697e6,569735.2891794145,46737.79630600661,495736.3191517219,0.,42312.20580904558,4127,55057,12734,38198,124702,4004,42325,1.762128193307174e7,4.054177656166028e7,2.013568983254196e7,1.8641404671886045e7,2.1416438585821737e7,20500.,1.8589825585094675e7,1.7652502171604782e7,4.260652893991082e7,2.127516041090079e7,1.873488026449806e7,2.240791122412518e7,20500.,1.8674449996712767e7
56,1.763540753756665e7,4.3048273762385614e7,2.040620888906637e7,1.827749943271439e7,2.1946968334818617e7,20500.,1.8258200283138365e7,16118.917745769024,1.0943054830733761e6,582635.1133205816,44826.42585050687,512959.53116538003,0.,40311.36014757678,4126,52783,12521,36137,122311,4004,40263,1.761928861982088e7,4.195396827931224e7,1.9823573775745787e7,1.8232673006863885e7,2.1434008803653236e7,20500.,1.8217888922990788e7,1.765152645531242e7,4.414257924545899e7,2.098884400238695e7,1.83223258585649e7,2.2459927865983997e7,20500.,1.829851164328594e7
64,1.7634710685728133e7,4.1948006720151015e7,1.9510693776464008e7,1.808559154464384e7,2.1317014513234086e7,20500.,1.8086099668800514e7,15317.073189288378,1.0657777720203772e6,463900.8973771632,48176.598455723375,494923.21353681386,0.,43310.761854700744,4127,52975,12517,36332,123129,4004,40459,1.7619393612538844e7,4.088222894813064e7,1.9046792879086845e7,1.803741494618812e7,2.0822091299697272e7,20500.,1.8042788906945813e7,1.765002775891742e7,4.301378449217139e7,1.997459467384117e7,1.8133768143099565e7,2.18119377267709e7,20500.,1.8129410430655215e7
80,1.763280348921735e7,4.226385093107336e7,1.946370479734649e7,1.7891904631139334e7,2.1065871369635608e7,20500.,1.7911046743079364e7,15590.621827736497,1.0797488394821584e6,478585.8533862643,40915.82304099947,493965.362387605,0.,36640.910864230245,4127,51446,12361,34959,121682,4004,39086,1.7617212867389612e7,4.11841020915912e7,1.8985118943960227e7,1.7850988808098335e7,2.0571906007248003e7,20500.,1.7874405832215134e7,1.7648394111045085e7,4.334359977055552e7,1.9942290650732756e7,1.7932820454180334e7,2.1559836732023213e7,20500.,1.7947687653943595e7
96,1.7632923188756965e7,4.330798036588208e7,1.9422435486475576e7,1.777484634076615e7,2.1594505791442174e7,20500.,1.7806369051576443e7,15322.38390835002,1.1128976616997123e6,485484.76677967235,43591.08692443743,509740.75059868395,0.,39026.55855736509,4127,51492,12385,34980,121386,4004,39107,1.7617600804848615e7,4.2195082704182364e7,1.8936950719695903e7,1.7731255253841713e7,2.108476504084349e7,20500.,1.7767342493019078e7,1.7648245572665315e7,4.442087802758179e7,1.9907920253255248e7,1.7818437427690588e7,2.210424654204086e7,20500.,1.7845395610133808e7
112,1.7617232913233157e7,4.394023137825174e7,1.9381960972436782e7,1.7602194215250704e7,2.054323924776522e7,20500.,1.7650361634375084e7,12887.98861054331,1.1396038636869714e6,486698.1859652065,21351.487851269543,490539.66197295114,0.,19037.752858780324,4126,49512,12299,33087,124509,4004,37213,1.7604344924622614e7,4.280062751456477e7,1.8895262786471575e7,1.7580842727399435e7,2.005269958579227e7,20500.,1.7631323881516304e7,1.76301209018437e7,4.507983524193871e7,1.986865915840199e7,1.7623545703101974e7,2.103377890973817e7,20500.,1.7669399387233865e7
128,1.761511112457586e7,4.307135934907339e7,1.8463490380696177e7,1.7491604767002705e7,1.9895089303292565e7,20500.,1.7551602693825655e7,12635.028473507613,1.1199381583344117e6,342534.99524692446,25837.764270555228,473680.40842761844,0.,23058.48096781969,4126,50021,12267,33627,126983,4004,37753,1.7602476096102353e7,4.1951421190738976e7,1.8120955385449253e7,1.746576700273215e7,1.9421408894864947e7,20500.,1.7528544212857835e7,1.762774615304937e7,4.41912975074078e7,1.8806025375943102e7,1.751744253127326e7,2.0368769711720183e7,20500.,1.7574661174793474e7