pipes,activate_task,__schedule,__fw_admit,__fw_dispatch,__fw_relinquish,__fw_unblock,Eactivate_task,E__schedule,E__fw_admit,E__fw_dispatch,E__fw_relinquish,E__fw_unblock,Cactivate_task,C__schedule,C__fw_admit,C__fw_dispatch,C__fw_relinquish,C__fw_unblock,ELactivate_task,EL__schedule,EL__fw_admit,EL__fw_dispatch,EL__fw_relinquish,EL__fw_unblock,ERactivate_task,ER__schedule,ER__fw_admit,ER__fw_dispatch,ER__fw_relinquish,ER__fw_unblock
1,5.392968762722529e6,5.433164092059284e6,4.798573320009992e6,3.9468684217888815e6,5.22973595827602e6,5.441760101668404e6,16513.155492735095,36011.095274836756,6207.5099975774065,19680.78331311373,37410.70460634306,19089.186324392445,27019,41495,4003,35743,8724,23016,5.376455607229793e6,5.397152996784448e6,4.792365810012415e6,3.927187638475768e6,5.192325253669677e6,5.422670915344012e6,5.409481918215264e6,5.469175187334121e6,4.80478083000757e6,3.9665492051019953e6,5.267146662882363e6,5.460849287992797e6
2,5.04882626337145e6,4.98065194303934e6,4.797531601299026e6,3.515775315571939e6,4.970793803173143e6,5.037804388280608e6,8324.447413601913,29518.01804916933,6237.1455830475315,12264.775649698451,16579.861400328577,9633.4640049031,27110,41713,4003,35808,8698,23107,5.040501815957848e6,4.951133924990171e6,4.7912944557159785e6,3.5035105399222407e6,4.954213941772815e6,5.028170924275705e6,5.057150710785052e6,5.010169961088509e6,4.803768746882074e6,3.5280400912216376e6,4.987373664573472e6,5.047437852285511e6
3,4.96272652757079e6,4.886916040675346e6,4.797892455658256e6,3.4201441293154387e6,4.910811458453052e6,4.9369688006305555e6,6091.910910013132,28417.700055086985,6275.897406294942,11042.680478184484,10899.025340637192,7040.477748472244,26840,41401,4003,35541,8701,22837,4.956634616660777e6,4.858498340620259e6,4.791616558251961e6,3.409101448837254e6,4.899912433112415e6,4.929928322882083e6,4.968818438480803e6,4.915333740730433e6,4.804168353064551e6,3.431186809793623e6,4.921710483793689e6,4.944009278379028e6
4,4.934332294892363e6,4.842650520619429e6,4.797531351486385e6,3.3799875263972967e6,4.895640897612489e6,4.903686447368421e6,4716.809510980733,27847.570665772073,6237.146469043568,10324.968345935456,9136.110499843024,5409.727128659375,26803,41393,4003,35515,8712,22800,4.9296154853813825e6,4.814802949953657e6,4.791294205017341e6,3.3696625580513612e6,4.886504787112646e6,4.898276720239761e6,4.939049104403344e6,4.870498091285201e6,4.803768497955428e6,3.390312494743232e6,4.904777008112332e6,4.90909617449708e6
6,4.902954776102819e6,4.812599632016932e6,4.797531601299026e6,3.3462232610216937e6,4.860433761173504e6,4.866711754218125e6,3690.2240328639746,27329.199470071122,6237.1455830475315,9534.906096348073,5895.659080205485,4180.3444468043745,26999,41578,4003,35725,8726,22996,4.899264552069955e6,4.785270432546861e6,4.7912944557159785e6,3.3366883549253456e6,4.854538102093299e6,4.86253140977132e6,4.9066450001356825e6,4.839928831487003e6,4.803768746882074e6,3.355758167118042e6,4.86632942025371e6,4.870892098664929e6
8,4.892273125209552e6,4.811552450766923e6,4.798573320009992e6,3.323707295473714e6,4.844205568924028e6,4.854045490367776e6,3542.2560284044594,27253.47253756225,6207.5099975774065,8695.724786907434,4359.619501256384,4008.9465028773993,26843,41334,4003,35570,8727,22840,4.888730869181148e6,4.784298978229361e6,4.792365810012415e6,3.3150115706868065e6,4.839845949422772e6,4.850036543864898e6,4.895815381237957e6,4.838805923304485e6,4.80478083000757e6,3.3324030202606213e6,4.848565188425285e6,4.858054436870653e6
10,4.88796785450517e6,4.767768447440388e6,4.798755058705971e6,3.3142721655249544e6,4.844131836499712e6,4.848876933743554e6,3078.5943073574454,27184.27652355656,6420.0342286666855,9640.221262922045,4530.228985923342,3427.8479226324707,27080,41686,4003,35765,8685,23077,4.884889260197813e6,4.740584170916831e6,4.792335024477304e6,3.3046319442620324e6,4.839601607513789e6,4.845449085820922e6,4.891046448812528e6,4.794952723963944e6,4.805175092934637e6,3.3239123867878765e6,4.848662065485636e6,4.852304781666187e6
12,4.878105359477124e6,4.763572209060581e6,4.798755058705971e6,3.3134280007904246e6,4.83789131691525e6,4.837379984191112e6,2651.062584431842,27222.484484853223,6420.0342286666855,9652.966754079796,3845.375843672082,2899.3198962369934,26775,41366,4003,35424,8649,22772,4.875454296892692e6,4.736349724575728e6,4.792335024477304e6,3.303775034036345e6,4.834045941071578e6,4.834480664294875e6,4.880756422061556e6,4.790794693545435e6,4.805175092934637e6,3.3230809675445044e6,4.841736692758922e6,4.840279304087349e6
14,4.876170507856132e6,4.7712714265067205e6,4.79875480889333e6,3.3089176300171576e6,4.834707418056354e6,4.835085320498797e6,2614.695239568129,27332.898464396596,6420.035135148093,9702.245419592131,3644.404219640419,2853.9150596056134,26858,41514,4003,35553,8695,22855,4.873555812616564e6,4.743938528042324e6,4.792334773758182e6,3.2992153845975655e6,4.8310630138367135e6,4.8322314054391915e6,4.878785203095701e6,4.798604324971117e6,4.8051748440284785e6,3.31861987543675e6,4.838351822275994e6,4.837939235558403e6
16,4.869972138861102e6,4.7562125985198e6,4.79875480889333e6,3.303625354127514e6,4.828223267898384e6,4.8277762745780405e6,2225.032138025388,27244.627538475208,6420.035135148093,9824.00503778737,2602.631956089288,2356.996667074971,26991,41616,4003,35651,8660,22988,4.867747106723077e6,4.728967970981325e6,4.792334773758182e6,3.293801349089727e6,4.825620635942294e6,4.8254192779109655e6,4.872197170999127e6,4.783457226058275e6,4.8051748440284785e6,3.3134493591653015e6,4.830825899854473e6,4.830133271245115e6