pipes,activate_task,__schedule,__fw_admit,__fw_dispatch,__fw_relinquish,__fw_unblock,Eactivate_task,E__schedule,E__fw_admit,E__fw_dispatch,E__fw_relinquish,E__fw_unblock,Cactivate_task,C__schedule,C__fw_admit,C__fw_dispatch,C__fw_relinquish,C__fw_unblock,ELactivate_task,EL__schedule,EL__fw_admit,EL__fw_dispatch,EL__fw_relinquish,EL__fw_unblock,ERactivate_task,ER__schedule,ER__fw_admit,ER__fw_dispatch,ER__fw_relinquish,ER__fw_unblock
2,3.2816406928136148e7,3.0529126228719726e7,6.899075929116417e6,2.913591662617249e7,3.0977369285917092e7,3.488226773979623e7,230856.51189077273,281618.30239105225,77542.45968468394,214430.9816444777,487920.54059230164,240311.91535250843,53824,99799,4063,67911,14088,49761,3.2585550416245375e7,3.0247507926328674e7,6.821533469431733e6,2.8921485644528013e7,3.048944874532479e7,3.464195582444372e7,3.304726344002692e7,3.081074453111078e7,6.976618388801101e6,2.9350347607816968e7,3.1465289826509394e7,3.512257965514874e7
3,1.656528326440388e7,1.1191802871140072e7,6.6583559830127405e6,1.1468508519518312e7,1.2712120694745129e7,1.7554699088545088e7,136144.13477642648,138072.71181971952,406.66214173007756,130733.17759654857,268387.7674877029,146620.25071889907,42072,83486,4003,52233,10162,38071,1.6429139129627453e7,1.1053730159320353e7,6.65794932087101e6,1.1337775341921763e7,1.2443732927257426e7,1.740807883782619e7,1.6701427399180306e7,1.1329875582959792e7,6.658762645154471e6,1.159924169711486e7,1.2980508462232832e7,1.7701319339263987e7
4,1.0429870817871457e7,5.3909575994385285e6,6.6583559830127405e6,5.078586142977056e6,9.437078669998914e6,1.0885737046021158e7,77865.74887160212,72830.7546903938,406.66214173007756,75809.21834257338,160686.11627401412,86798.27377179824,33685,74091,4003,42888,9203,29682,1.0352005068999855e7,5.318126844748135e6,6.65794932087101e6,5.002776924634483e6,9.2763925537249e6,1.079893877224936e7,1.050773656674306e7,5.463788354128922e6,6.658762645154471e6,5.1543953613196295e6,9.597764786272928e6,1.0972535319792956e7
5,8.247319852583044e6,3.599021878222059e6,6.6583559830127405e6,2.8385848180582817e6,7.915630242702158e6,8.431262596103605e6,41070.88475476857,47612.65694358526,406.66214173007756,44243.43791440874,116275.77362497803,46582.58350217529,30797,70801,4003,39738,8941,26794,8.206248967828276e6,3.5514092212784737e6,6.65794932087101e6,2.794341380143873e6,7.79935446907718e6,8.3846800126014305e6,8.288390737337813e6,3.6466345351656443e6,6.658762645154471e6,2.8828282559726904e6,8.031906016327136e6,8.47784517960578e6
6,7.980680751933219e6,3.382616047914366e6,6.6583559830127405e6,2.570207583176397e6,7.737328717201166e6,8.124008530330063e6,36555.279022580944,43890.83477614075,406.66214173007756,40671.41340545053,94720.93370860256,41518.839155614376,30907,70626,4003,39825,8918,26904,7.944125472910638e6,3.338725213138225e6,6.65794932087101e6,2.5295361697709463e6,7.642607783492563e6,8.0824896911744485e6,8.0172360309558e6,3.4265068826905065e6,6.658762645154471e6,2.6108789965818473e6,7.832049650909768e6,8.165527369485677e6
7,7.386214666525438e6,2.8945410885106507e6,6.6583559830127405e6,1.9342511378019552e6,7.404068274687855e6,7.4518642886513155e6,24524.39003712125,38719.06146292109,406.66214173007756,34078.33187343413,74954.89243994746,28314.0541397864,28323,68681,4003,37133,8810,24320,7.361690276488317e6,2.8558220270477296e6,6.65794932087101e6,1.900172805928521e6,7.329113382247907e6,7.423550234511529e6,7.41073905656256e6,2.9332601499735718e6,6.658762645154471e6,1.9683294696753894e6,7.479023167127802e6,7.480178342791102e6
8,7.462617657057384e6,3.0449848395239813e6,6.6583559830127405e6,1.990033533638145e6,7.94237024494864e6,7.535478613308149e6,25644.45957232453,38101.29034109088,406.66214173007756,30201.571109982673,72991.98516801652,29416.309012287296,29416,69325,4003,38275,8859,25413,7.4369731974850595e6,3.0068835491828904e6,6.65794932087101e6,1.9598319625281624e6,7.869378259780623e6,7.506062304295862e6,7.488262116629709e6,3.083086129865072e6,6.658762645154471e6,2.0202351047481277e6,8.015362230116656e6,7.564894922320437e6
10,7.202620035137276e6,2.919040902517078e6,6.658289033225081e6,1.6875829200738592e6,7.121336917360955e6,7.235753576280668e6,21393.800310013816,36026.62742847949,343.7651595370844,27395.450168553274,50649.44327124581,24673.199050575495,29029,64996,4003,37910,8882,25026,7.181226234827262e6,2.8830142750885985e6,6.657945268065544e6,1.660187469905306e6,7.070687474089709e6,7.211080377230093e6,7.22401383544729e6,2.9550675299455575e6,6.658632798384618e6,1.7149783702424124e6,7.171986360632201e6,7.260426775331244e6
12,7.073722925457102e6,2.787180631572474e6,6.658288783412441e6,1.5510158500302783e6,7.066735703770807e6,7.085949001908701e6,16609.452206627466,31706.926198511384,343.7657101675868,21542.41931802756,41084.85001327004,19153.50665751286,29151,65044,4003,37981,8831,25148,7.057113473250475e6,2.7554737053739624e6,6.657945017702273e6,1.5294734307122508e6,7.025650853757537e6,7.066795495251188e6,7.09033237766373e6,2.818887557770985e6,6.658632549122608e6,1.5725582693483059e6,7.107820553784077e6,7.105102508566214e6
14,6.9533457753283465e6,2.674491272732935e6,6.658288783412441e6,1.364147198997794e6,6.936314551048313e6,6.9484069131161235e6,13707.60700479336,31947.27631309256,343.7657101675868,16832.38520364021,30929.958627329208,15939.1256266227,27943,64224,4003,36719,8776,23940,6.939638168323553e6,2.6425439964198424e6,6.657945017702273e6,1.3473148137941537e6,6.905384592420984e6,6.932467787489501e6,6.96705338233314e6,2.7064385490460275e6,6.658632549122608e6,1.3809795842014342e6,6.9672445096756425e6,6.964346038742746e6
16,6.93513018325548e6,2.6948625663566156e6,6.658288783412441e6,1.384974400633499e6,7.114897577343039e6,6.927328157132665e6,13430.37083562743,33569.309827920515,343.7657101675868,22135.081275481032,33181.91434411798,15633.1640061168,27830,64613,4003,36622,8792,23827,6.921699812419852e6,2.661293256528695e6,6.657945017702273e6,1.362839319358018e6,7.081715662998921e6,6.911694993126548e6,6.948560554091107e6,2.728431876184536e6,6.658632549122608e6,1.40710948190898e6,7.148079491687157e6,6.9429613211387815e6
20,6.855319817919786e6,2.628272754178544e6,6.658288783412441e6,1.3167779717462533e6,6.825931474103586e6,6.833469074695246e6,10805.110414903611,29827.299535304308,343.7657101675868,16600.560938300332,19318.621682511643,12547.416916741058,28449,64197,4003,37234,8785,24446,6.8445147075048825e6,2.5984454546432397e6,6.657945017702273e6,1.300177410807953e6,6.806612852421074e6,6.820921657778505e6,6.86612492833469e6,2.6581000537138483e6,6.658632549122608e6,1.3333785326845536e6,6.845250095786097e6,6.846016491611987e6
24,6.8440648428159505e6,2.6450303677361244e6,6.658288783412441e6,1.330516947331668e6,6.892677146105742e6,6.820381379169225e6,10288.018805195577,32604.96526630083,343.7657101675868,25871.824780166615,20864.73038944509,11949.104150041938,28438,64394,4003,37233,8795,24435,6.833776824010755e6,2.6124254024698236e6,6.657945017702273e6,1.3046451225515015e6,6.871812415716297e6,6.808432275019183e6,6.854352861621146e6,2.6776353330024253e6,6.658632549122608e6,1.3563887721118347e6,6.913541876495187e6,6.832330483319267e6
28,6.819581091813128e6,2.622472484009517e6,6.658288783412441e6,1.2826575246318467e6,6.797786583285958e6,6.791492567513422e6,9266.921026609838,29314.519669187255,343.7657101675868,15455.065762716811,14705.486232092604,10735.629398724064,28961,64726,4003,37756,8795,24958,6.810314170786519e6,2.5931579643403296e6,6.657945017702273e6,1.26720245886913e6,6.783081097053865e6,6.780756938114698e6,6.828848012839738e6,2.651787003678704e6,6.658632549122608e6,1.2981125903945635e6,6.81249206951805e6,6.802228196912146e6
32,6.7786984287005495e6,2.5836184876934006e6,6.658289033225081e6,1.2397069621938232e6,6.858445133045258e6,6.744146064693293e6,7939.716772099957,29750.48733216198,343.7651595370844,17151.81355830701,18000.401525215246,9214.481029519811,28766,64762,4003,37560,8794,24763,6.77075871192845e6,2.5538680003612386e6,6.657945268065544e6,1.2225551486355162e6,6.840444731520043e6,6.734931583663773e6,6.7866381454726495e6,2.6133689750255626e6,6.658632798384618e6,1.2568587757521302e6,6.876445534570473e6,6.753360545722812e6
36,6.770342666619499e6,2.579527916474033e6,6.658288783412441e6,1.2313543268841577e6,6.767054253867152e6,6.734657098701834e6,7783.6598776150495,31692.11984397052,343.7657101675868,19620.94776356686,11260.309317980893,9060.431061203592,28268,64890,4003,37059,8792,24265,6.762559006741884e6,2.5478357966300626e6,6.657945017702273e6,1.2117333791205909e6,6.755793944549171e6,6.72559666764063e6,6.778126326497114e6,2.6112200363180037e6,6.658632549122608e6,1.2509752746477246e6,6.778314563185133e6,6.743717529763037e6
40,6.769376033203815e6,2.5966528039346915e6,6.658288783412441e6,1.2341965695653346e6,6.758697181497898e6,6.733512588966141e6,7946.947836619802,30872.20540048275,343.7657101675868,19499.80101515632,10257.183822190389,9248.776069672778,28310,64249,4003,37109,8799,24307,6.761429085367195e6,2.5657805985342087e6,6.657945017702273e6,1.2146967685501783e6,6.748439997675708e6,6.724263812896469e6,6.777322981040435e6,2.627525009335174e6,6.658632549122608e6,1.253696370580491e6,6.768954365320088e6,6.742761365035814e6
44,6.764724305626905e6,2.6153563025984396e6,6.658289033225081e6,1.2666613484980122e6,6.749128116107001e6,6.727746487537704e6,7464.743132986128,30969.417125392705,343.7651595370844,20617.93405819172,9441.191608159803,8644.777059176937,29199,65116,4003,37983,8785,25196,6.757259562493918e6,2.584386885473047e6,6.657945268065544e6,1.2460434144398205e6,6.739686924498841e6,6.7191017104785275e6,6.772189048759891e6,2.6463257197238323e6,6.658632798384618e6,1.287279282556204e6,6.758569307715161e6,6.736391264596881e6
48,6.739726322746597e6,2.5685835502866884e6,6.658289033225081e6,1.206999048059401e6,6.74382999088423e6,6.699056486576621e6,6886.497855681926,32237.998071786016,343.7651595370844,21524.020764804678,8429.792478580028,8033.191169160418,27991,64530,4003,36767,8776,23988,6.732839824890915e6,2.5363455522149024e6,6.657945268065544e6,1.1854750272945964e6,6.7354001984056495e6,6.691023295407461e6,6.746612820602279e6,2.6008215483584744e6,6.658632798384618e6,1.2285230688242058e6,6.75225978336281e6,6.707089677745782e6
52,6.744159451735817e6,2.587988558281255e6,6.658288783412441e6,1.2345466923449873e6,6.738241261527952e6,6.704134156361694e6,6944.1538133099675,31491.997808468062,343.7657101675868,23159.909569278592,8079.463951240294,8083.13998308219,28344,64326,4003,37126,8783,24341,6.737215297922507e6,2.556496560472787e6,6.657945017702273e6,1.2113867827757087e6,6.7301617975767115e6,6.696051016378612e6,6.751103605549127e6,2.619480556089723e6,6.658632549122608e6,1.257706601914266e6,6.746320725479192e6,6.712217296344777e6
60,6.713326076944877e6,2.5052220614939523e6,6.658288783412441e6,1.1478764319680103e6,6.725212862834377e6,6.668236800825593e6,5434.854820990004,28934.361022255383,343.7657101675868,11506.68656290113,6014.589999422431,6332.557012721896,28228,64982,4003,37012,8785,24225,6.707891222123887e6,2.476287700471697e6,6.657945017702273e6,1.1363697454051091e6,6.719198272834955e6,6.661904243812871e6,6.718760931765867e6,2.5341564225162077e6,6.658632549122608e6,1.1593831185309114e6,6.7312274528338e6,6.674569357838315e6
64,6.706581122412689e6,2.52504560571917e6,6.658288783412441e6,1.142628257571653e6,6.718226693951796e6,6.660378643997512e6,5326.109053681605,28804.97707333695,343.7657101675868,12883.143290906912,4433.876370098442,6210.016028513201,28118,64345,4003,36914,8796,24115,6.701255013359007e6,2.496240628645833e6,6.657945017702273e6,1.129745114280746e6,6.713792817581697e6,6.654168627968999e6,6.711907231466371e6,2.553850582792507e6,6.658632549122608e6,1.15551140086256e6,6.722660570321894e6,6.666588660026025e6