pipes,activate_task,__schedule,__fw_admit,__fw_dispatch,__fw_relinquish,__fw_unblock,Eactivate_task,E__schedule,E__fw_admit,E__fw_dispatch,E__fw_relinquish,E__fw_unblock,Cactivate_task,C__schedule,C__fw_admit,C__fw_dispatch,C__fw_relinquish,C__fw_unblock,ELactivate_task,EL__schedule,EL__fw_admit,EL__fw_dispatch,EL__fw_relinquish,EL__fw_unblock,ERactivate_task,ER__schedule,ER__fw_admit,ER__fw_dispatch,ER__fw_relinquish,ER__fw_unblock
2,3.95963554221988e7,4.193123057186139e7,8.845896258921979e6,3.828568235949394e7,3.981872179340288e7,4.18279815376187e7,252683.344604142,341752.9743717611,250232.26333575882,244123.18284828216,509022.64734042436,260882.52988627553,58823,105620,4063,75406,16583,54760,3.934367207759466e7,4.1589477597489625e7,8.59566399558622e6,3.804155917664566e7,3.9309699146062456e7,4.156709900773242e7,3.9849038766802944e7,4.227298354623315e7,9.096128522257738e6,3.852980554234222e7,4.0327744440743305e7,4.208886406750497e7
3,1.9467262993500378e7,1.4879789339215253e7,8.14688259906473e6,1.5454387136547662e7,1.5828740253727198e7,2.0581049128628604e7,152662.50320676342,171426.66122714058,75906.75042598322,157247.0677791182,310091.1820323523,163966.9166919589,43541,85913,4063,54340,10799,39478,1.9314600490293615e7,1.4708362677988112e7,8.070975848638747e6,1.5297140068768544e7,1.5518649071694845e7,2.0417082211936645e7,1.961992549670714e7,1.5051216000442393e7,8.222789349490713e6,1.561163420432678e7,1.613883143575955e7,2.0745016045320563e7
4,1.029101254300698e7,5.325537722301198e6,7.913690232325756e6,5.172958330133866e6,1.0750714027595269e7,1.0604282794786766e7,56384.965507360175,69306.43400932942,2344.7796593708917,67135.70574301668,166168.4446799867,63976.649058591574,29937,68938,4003,39069,9132,25934,1.023462757749962e7,5.256231288291869e6,7.911345452666385e6,5.105822624390849e6,1.0584545582915282e7,1.0540306145728175e7,1.0347397508514341e7,5.394844156310528e6,7.916035011985127e6,5.240094035876882e6,1.0916882472275255e7,1.0668259443845358e7
5,1.006887692185008e7,5.120872878969232e6,7.916530726954784e6,4.912795740370124e6,9.435786606751425e6,1.0330626540388342e7,53289.61107707396,65023.11439463217,2793.9964972920716,65030.48374182079,123419.02516724728,60227.41637133807,31350,71015,4003,40473,9124,27347,1.0015587310773006e7,5.055849764574599e6,7.913736730457492e6,4.847765256628303e6,9.312367581584178e6,1.0270399124017004e7,1.0122166532927154e7,5.185895993363864e6,7.919324723452076e6,4.977826224111944e6,9.559205631918672e6,1.039085395675968e7
6,1.0794121674766146e7,5.922570452711907e6,7.913362603047715e6,5.638942251640894e6,9.508551085909918e6,1.1106703174452463e7,61440.242898635566,70804.7198636122,2224.083438500762,68953.740218753,113825.36095562391,68209.64667415433,35599,75611,4003,44945,9347,31596,1.073268143186751e7,5.851765732848295e6,7.911138519609214e6,5.569988511422141e6,9.394725724954294e6,1.1038493527778309e7,1.0855561917664781e7,5.993375172575519e6,7.915586686486215e6,5.707895991859647e6,9.622376446865542e6,1.1174912821126617e7
7,9.064262892321762e6,4.204172795576978e6,7.913430052460655e6,3.7525757350345454e6,8.875900210200243e6,9.183852626239855e6,33139.54225504957,49036.198420247994,2227.8553207591176,45346.95543548139,84674.43840537965,37720.931291943416,30619,70540,4003,39658,9039,26616,9.031123350066712e6,4.15513659715673e6,7.9112021971398955e6,3.707228779599064e6,8.791225771794863e6,9.146131694947911e6,9.097402434576811e6,4.253208993997226e6,7.915657907781414e6,3.797922690470027e6,8.960574648605622e6,9.221573557531798e6
8,8.581864976646343e6,3.858953830349281e6,7.913362603047715e6,3.239345638945233e6,9.248176075268818e6,8.638919938446183e6,22798.34667243436,48282.621171794366,2224.083438500762,44958.01113928389,76611.86753525399,26364.944631284103,28047,68140,4003,36975,8928,24044,8.559066629973909e6,3.8106712091774866e6,7.911138519609214e6,3.194387627805949e6,9.171564207733564e6,8.612554993814899e6,8.604663323318778e6,3.9072364515210753e6,7.915586686486215e6,3.284303650084517e6,9.324787942804072e6,8.665284883077467e6
10,8.420758169372592e6,3.654248418843621e6,7.915514114414189e6,3.0518133656327347e6,8.395648085775234e6,8.447510092145678e6,18519.830833172426,43443.347766341176,3611.988758631982,42149.693920168094,49868.35526288487,21329.98318212293,29072,69095,4003,37978,8907,25069,8.40223833853942e6,3.6108050710772797e6,7.911902125655557e6,3.0096636717125666e6,8.345779730512349e6,8.426180108963555e6,8.439278000205765e6,3.697691766609962e6,7.919126103172821e6,3.093963059552903e6,8.445516441038119e6,8.4688400753278e6
12,8.487582766063424e6,3.949095109175446e6,7.916589183112665e6,3.214143180771003e6,8.391378114177186e6,8.52148824295343e6,21096.727950790897,47626.07895426126,2960.1426563998684,48856.515408374835,44272.43318649195,24179.332334378734,30115,67964,4003,39066,8951,26112,8.466486038112633e6,3.9014690302211847e6,7.913629040456265e6,3.165286665362628e6,8.347105680990693e6,8.497308910619052e6,8.508679494014215e6,3.9967211881297072e6,7.919549325769065e6,3.262999696179378e6,8.435650547363678e6,8.54566757528781e6
14,8.226845683113613e6,3.6309913309917045e6,7.916589432925306e6,2.8716029313701955e6,8.230166179446818e6,8.223275514353095e6,14071.687005668879,41977.38407654781,2960.1419196594507,39036.32113849092,38064.21291584149,16292.111004140228,28597,66905,4003,37491,8894,24594,8.212773996107944e6,3.5890139469151567e6,7.913629291005647e6,2.8325666102317045e6,8.192101966530977e6,8.206983403348954e6,8.240917370119282e6,3.6729687150682523e6,7.919549574844966e6,2.9106392525086864e6,8.26823039236266e6,8.239567625357235e6
16,8.211687569832402e6,3.6188984452579627e6,7.916589183112665e6,2.86674275748216e6,8.382450930910722e6,8.205579636319357e6,13174.758407763205,44906.37370259687,2960.1426563998684,48271.19202625053,33056.20287191402,15248.410267422907,28640,67471,4003,37556,8916,24637,8.198512811424639e6,3.573992071555366e6,7.913629040456265e6,2.8184715654559094e6,8.349394728038809e6,8.190331226051934e6,8.2248623282401655e6,3.6638048189605596e6,7.919549325769065e6,2.9150139495084104e6,8.415507133782636e6,8.22082804658678e6
20,8.113513697450034e6,3.4848809006858673e6,7.91551436422683e6,2.790411395575711e6,8.117590378354103e6,8.091255286405245e6,10184.552137942053,40874.36845887499,3611.988226263784,41840.728855793364,22492.847192405723,11772.415280841291,29020,69547,4003,37927,8907,25017,8.103329145312092e6,3.4440065322269923e6,7.911902376000566e6,2.7485706667199177e6,8.095097531161698e6,8.079482871124404e6,8.123698249587976e6,3.5257552691447423e6,7.919126352453094e6,2.8322521244315044e6,8.140083225546509e6,8.103027701686086e6
24,8.100889624763469e6,3.530874934373359e6,7.916589432925306e6,2.731858377587515e6,8.161668614451062e6,8.077367803882362e6,11114.399382840842,43159.674833783414,2960.1419196594507,44315.49160627602,21473.266793078743,12935.632493508048,28009,66665,4003,36908,8899,24006,8.089775225380628e6,3.487715259539576e6,7.913629291005647e6,2.687542885981239e6,8.140195347657983e6,8.064432171388854e6,8.11200402414631e6,3.5740346092071426e6,7.919549574844966e6,2.776173869193791e6,8.183141881244141e6,8.09030343637587e6
28,8.075759091530521e6,3.5569025918182763e6,7.916589183112665e6,2.7014893472051155e6,8.0568063574076155e6,8.047117640071273e6,9253.369191072881,41548.81589926174,2960.1426563998684,39134.19369114237,15938.270791999064,10693.324229693972,29258,67443,4003,38159,8903,25255,8.0665057223394485e6,3.5153537759190146e6,7.913629040456265e6,2.662355153513973e6,8.040868086615616e6,8.036424315841579e6,8.085012460721594e6,3.598451407717538e6,7.919549325769065e6,2.740623540896258e6,8.072744628199615e6,8.057810964300967e6
32,8.067802121880835e6,3.567063411240545e6,7.916589183112665e6,2.707216248957899e6,8.102839511703438e6,8.037771000314317e6,9098.669822031632,40564.150311031844,2960.1426563998684,40070.527486521285,17117.19615763612,10505.154041248374,29455,67559,4003,38384,8929,25452,8.058703452058803e6,3.5264992609295133e6,7.913629040456265e6,2.6671457214713776e6,8.085722315545802e6,8.027265846273068e6,8.076900791702867e6,3.607627561551577e6,7.919549325769065e6,2.74728677644442e6,8.119956707861074e6,8.048276154355565e6
36,8.026727973493813e6,3.572109284602508e6,7.916589432925306e6,2.682340350649351e6,8.02601445864156e6,7.990188680351906e6,7458.047604069114,41461.06012554187,2960.1419196594507,39953.959108727984,11310.413171862252,8606.620228786953,29578,68102,4003,38500,8922,25575,8.0192699258897435e6,3.530648224476966e6,7.913629291005647e6,2.642386391540623e6,8.014704045469698e6,7.9815820601231195e6,8.034186021097882e6,3.61357034472805e6,7.919549574844966e6,2.722294309758079e6,8.037324871813422e6,7.998795300580693e6
40,8.012072675429446e6,3.4715044877197654e6,7.916589432925306e6,2.6525929287023996e6,8.008532683421616e6,7.973493496263381e6,7720.174507839605,42631.851521161385,2960.1419196594507,44275.678192014806,8918.234268354252,8951.96949266363,28758,67629,4003,37631,8873,24755,8.004352500921606e6,3.428872636198604e6,7.913629291005647e6,2.608317250510385e6,7.999614449153262e6,7.964541526770717e6,8.019792849937285e6,3.514136339240927e6,7.919549574844966e6,2.6968686068944144e6,8.017450917689971e6,7.982445465756045e6
44,7.997427222028581e6,3.4439719194067772e6,7.916589183112665e6,2.6600340866741203e6,8.009657109058134e6,7.956495139142059e6,6540.215690194629,41564.364539844915,2960.1426563998684,44499.9036370581,9647.023528875783,7583.346502993256,28690,67698,4003,37566,8876,24687,7.990887006338387e6,3.4024075548669323e6,7.913629040456265e6,2.615534183037062e6,8.0000100855292585e6,7.9489117926390655e6,8.003967437718776e6,3.485536283946622e6,7.919549325769065e6,2.7045339903111784e6,8.01930413258701e6,7.964078485645052e6
48,8.003864964647696e6,3.4911562908982746e6,7.916589183112665e6,2.6491453854534826e6,8.00257437507006e6,7.963971142949652e6,6827.679010908119,42294.46709563397,2960.1426563998684,43907.97374246409,8730.611445090733,7916.352663456462,28711,67240,4003,37631,8921,24708,7.997037285636788e6,3.4488618238026407e6,7.913629040456265e6,2.6052374117110185e6,7.993843763624969e6,7.956054790286195e6,8.0106926436586045e6,3.5334507579939086e6,7.919549325769065e6,2.6930533591959467e6,8.01130498651515e6,7.971887495613108e6
52,8.009303360719478e6,3.504182443641319e6,7.916589183112665e6,2.6623968470576005e6,7.997064186151079e6,7.970037088449206e6,7218.109450086951,41275.3189857644,2960.1426563998684,43155.36131062778,8147.690068867058,8331.664007672109,29577,67514,4003,38472,8896,25574,8.002085251269391e6,3.4629071246555545e6,7.913629040456265e6,2.6192414857469727e6,7.988916496082212e6,7.961705424441534e6,8.016521470169565e6,3.5454577626270833e6,7.919549325769065e6,2.7055522083682283e6,8.005211876219946e6,7.978368752456878e6
60,7.981061346362649e6,3.503668369246348e6,7.916589183112665e6,2.589319324338404e6,7.9838245515695065e6,7.937386057560171e6,5857.690331158228,39213.12126973178,2960.1426563998684,35217.423597803805,6278.581749281846,6761.784680909477,29472,67153,4003,38392,8920,25469,7.975203656031491e6,3.464455247976616e6,7.913629040456265e6,2.5541019007406e6,7.977545969820225e6,7.9306242728792615e6,7.986919036693808e6,3.5428814905160796e6,7.919549325769065e6,2.624536747936208e6,7.990103133318788e6,7.9441478422410805e6
64,7.961631914272153e6,3.446482967275831e6,7.916589183112665e6,2.5636622896551723e6,7.975808360600248e6,7.914886385016677e6,6084.901411505416,40301.468553851824,2960.1426563998684,37852.133522673044,4725.5368856796995,7107.851117494516,27389,65609,4003,36250,8863,23386,7.955547012860647e6,3.406181498721979e6,7.913629040456265e6,2.525810156132499e6,7.971082823714568e6,7.907778533899182e6,7.967716815683658e6,3.4867844358296827e6,7.919549325769065e6,2.6015144231778453e6,7.980533897485928e6,7.9219942361341715e6