pipes,activate_task,__schedule,__fw_admit,__fw_dispatch,__fw_relinquish,__fw_unblock,Eactivate_task,E__schedule,E__fw_admit,E__fw_dispatch,E__fw_relinquish,E__fw_unblock,Cactivate_task,C__schedule,C__fw_admit,C__fw_dispatch,C__fw_relinquish,C__fw_unblock,ELactivate_task,EL__schedule,EL__fw_admit,EL__fw_dispatch,EL__fw_relinquish,EL__fw_unblock,ERactivate_task,ER__schedule,ER__fw_admit,ER__fw_dispatch,ER__fw_relinquish,ER__fw_unblock
2,5.954891868657069e7,7.79050052921524e7,1.0383958641063515e7,6.278278902953587e7,6.5813153499317385e7,6.1975449558739685e7,288144.7821633369,440061.7766458839,336264.5785660576,277131.87085716426,532174.4463391155,291953.6807052642,84740,140680,4062,112575,27834,80678,5.926077390440735e7,7.746494351550652e7,1.0047694062497457e7,6.25056571586787e7,6.528097905297827e7,6.168349587803442e7,5.9837063468734026e7,7.834506706879829e7,1.0720223219629573e7,6.305992090039303e7,6.63453279456565e7,6.226740323944495e7
3,2.7633703506848298e7,2.527191535944472e7,9.708060315115707e6,2.5231809035290606e7,2.460668243089739e7,2.904709213620922e7,196859.0919152163,243916.33190685138,172258.32562164217,205791.7712796703,412667.3942793198,207274.78929746896,53809,100850,4062,67015,13205,49747,2.743684441493308e7,2.5027999027537867e7,9.535801989494065e6,2.5026017264010936e7,2.419401503661807e7,2.883981734691175e7,2.7830562598763514e7,2.551583169135157e7,9.88031864073735e6,2.5437600806570277e7,2.501934982517671e7,2.925436692550669e7
4,1.6988854566182647e7,1.2413107644183064e7,9.187553709717711e6,1.2889902830388216e7,1.4942292448269194e7,1.776659299824757e7,122387.0715650171,143660.71022952534,7156.4240954220295,136704.26384512708,242098.49044318497,132703.25109473243,41665,82638,4003,52007,10342,37662,1.686646749461763e7,1.2269446933953539e7,9.18039728562229e6,1.275319856654309e7,1.4700193957826009e7,1.763388974715284e7,1.7111241637747664e7,1.255676835441259e7,9.194710133813133e6,1.3026607094233343e7,1.5184390938712379e7,1.7899296249342304e7
5,1.1931043037078097e7,7.188764671575418e6,9.19352348238821e6,7.196737850623596e6,1.1198034537895747e7,1.2262924830517406e7,65946.26837777533,90875.72963903379,7896.381489343941,93318.98775991239,142694.96505272388,74162.01128330454,32472,68585,4003,41854,9381,28469,1.1865096768700322e7,7.097888941936384e6,9.185627100898866e6,7.103418862863684e6,1.1055339572843023e7,1.2188762819234101e7,1.1996989305455873e7,7.2796404012144515e6,9.201419863877553e6,7.290056838383509e6,1.134072950294847e7,1.233708684180071e7
6,1.0953861295526464e7,5.812672694599578e6,9.181635647464303e6,6.141536988780311e6,1.0614486536373507e7,1.115618628425387e7,42524.09559324756,72914.47190704197,6327.079637056217,80004.12265413441,116824.55339809507,47953.683427421376,32234,74846,4062,41445,9210,28172,1.0911337199933216e7,5.739758222692536e6,9.175308567827247e6,6.061532866126177e6,1.0497661982975412e7,1.1108232600826448e7,1.0996385391119711e7,5.88558716650662e6,9.18796272710136e6,6.221541111434446e6,1.0731311089771602e7,1.120413996768129e7
7,1.0248164812858935e7,5.120449912838181e6,9.184738921713442e6,5.3705898239293685e6,1.0226554678073928e7,1.0359110801951516e7,33402.30950766988,67090.74325193092,6713.272583439946,80420.23890932184,92731.40472827666,38207.4707945995,30298,72853,4062,39416,9117,26236,1.0214762503351266e7,5.05335916958625e6,9.178025649130002e6,5.290169585020047e6,1.0133823273345651e7,1.0320903331156917e7,1.0281567122366605e7,5.1875406560901115e6,9.191452194296882e6,5.45101006283869e6,1.0319286082802204e7,1.0397318272746116e7
8,9.925975500380913e6,4.894535381296966e6,9.181991260462826e6,4.958574735676431e6,1.0718538185234306e7,9.993643012572534e6,26285.30146653205,66230.80173713528,6354.573831534013,79459.86294295173,89416.14467207156,30334.873397851363,28878,71860,4062,37927,9048,24816,9.89969019891438e6,4.828304579559831e6,9.175636686631292e6,4.879114872733479e6,1.0629122040562235e7,9.963308139174683e6,9.952260801847445e6,4.9607661830341015e6,9.18834583429436e6,5.038034598619383e6,1.0807954329906378e7,1.0023977885970386e7
10,9.751758326187618e6,4.835306049359539e6,9.183463402448164e6,4.784610767699521e6,9.806781163434902e6,9.788303216444021e6,20910.762907858938,65203.5674994532,6866.634586451575,80541.69830629695,66430.1596576646,24055.405474592,29155,69247,4003,38179,9025,25152,9.73084756327976e6,4.770102481860085e6,9.176596767861713e6,4.704069069393224e6,9.740351003777238e6,9.76424781096943e6,9.772669089095477e6,4.900509616858992e6,9.190330037034616e6,4.865152466005818e6,9.873211323092567e6,9.812358621918613e6
12,9.6154362006918e6,4.705134901455735e6,9.183463152635524e6,4.6083249010703e6,9.723407440212578e6,9.631615890811602e6,18531.965120460838,62608.04155233223,6866.635493669659,78304.17532982863,55919.76023495942,21414.513609172776,28621,69106,4003,37653,9032,24618,9.59690423557134e6,4.642526859903403e6,9.176596517141854e6,4.530020725740471e6,9.667487679977618e6,9.610201377202429e6,9.633968165812261e6,4.767742943008067e6,9.190329788129194e6,4.686629076400128e6,9.779327200447537e6,9.653030404420774e6
14,9.704752012572564e6,4.9114674984140415e6,9.183463402448164e6,4.719744381046887e6,9.58362944912934e6,9.728187941566087e6,20521.75224601291,60351.029714313336,6866.634586451575,71395.07909162994,42780.7549810037,23408.301447162405,31179,70935,4003,40310,9131,27176,9.684230260326551e6,4.851116468699728e6,9.176596767861713e6,4.648349301955257e6,9.540848694148336e6,9.704779640118925e6,9.725273764818577e6,4.971818528128355e6,9.190330037034616e6,4.7911394601385165e6,9.626410204110343e6,9.75159624301325e6
16,9.527200414781297e6,4.585638838774341e6,9.187083562328253e6,4.444469805687948e6,9.683413911692923e6,9.527398665024435e6,15466.55101859942,58069.635741367936,7038.357021175325,72512.3567818692,35275.9291268792,17823.711160214618,29172,69840,4003,38186,9014,25169,9.511733863762697e6,4.527569203032973e6,9.180045205307078e6,4.371957448906079e6,9.648137982566044e6,9.50957495386422e6,9.542666965799896e6,4.643708474515709e6,9.194121919349428e6,4.516982162469817e6,9.718689840819802e6,9.54522237618465e6
20,9.41150411892977e6,4.53968901636261e6,9.183463402448164e6,4.338385972552124e6,9.420474555555556e6,9.394203230472516e6,12930.055167259648,57433.00237260293,6866.634586451575,71252.8847906366,26947.600610628724,14937.45475364849,28891,69121,4003,37890,9000,24888,9.39857406376251e6,4.482256013990007e6,9.176596767861713e6,4.267133087761488e6,9.393526954944927e6,9.379265775718868e6,9.42443417409703e6,4.597122018735213e6,9.190330037034616e6,4.409638857342761e6,9.447422156166185e6,9.409140685226165e6
24,9.410193650581919e6,4.573173548165727e6,9.183463152635524e6,4.339034830712493e6,9.460062368914891e6,9.391459301878078e6,11942.096385080367,56097.44282234367,6866.635493669659,69199.16222128924,33472.12657018192,13710.238619064912,29987,69946,4003,39046,9059,25984,9.398251554196838e6,4.517076105343384e6,9.176596517141854e6,4.269835668491203e6,9.42659024234471e6,9.377749063259013e6,9.422135746966999e6,4.629270990988071e6,9.190329788129194e6,4.408233992933782e6,9.493534495485073e6,9.405169540497143e6
28,9.336375867757235e6,4.442532216737359e6,9.183463152635524e6,4.208287597733117e6,9.345735943218365e6,9.306853815501096e6,11866.075578458607,53801.29994691163,6866.635493669659,65406.38458532933,21176.421396631747,13703.323351128027,29098,69079,4003,38114,9017,25095,9.324509792178776e6,4.388730916790447e6,9.176596517141854e6,4.142881213147788e6,9.324559521821734e6,9.293150492149968e6,9.348241943335693e6,4.49633351668427e6,9.190329788129194e6,4.273693982318446e6,9.366912364614997e6,9.320557138852224e6
32,9.311551718771614e6,4.356367523511871e6,9.187083812140895e6,4.156579254940242e6,9.383992934238344e6,9.277579536788022e6,8637.434230776504,52846.36951982323,7038.356012672186,65927.22784311278,18478.294192424044,9952.660735519603,28916,69752,4003,37903,8987,24913,9.302914284540838e6,4.3035211539920475e6,9.180045456128223e6,4.0906520270971297e6,9.36551464004592e6,9.267626876052503e6,9.32018915300239e6,4.409213893031694e6,9.194122168153567e6,4.222506482783355e6,9.402471228430768e6,9.287532197523542e6
36,9.32650410698527e6,4.504251989619377e6,9.183463152635524e6,4.284991545454546e6,9.320227871210445e6,9.295183550021604e6,9934.856625946239,57888.04894753359,6866.635493669659,75849.56124049798,19834.89734272845,11435.096296876669,29462,69360,4003,38500,9038,25459,9.316569250359323e6,4.4463639406718435e6,9.176596517141854e6,4.209141984214048e6,9.300392973867716e6,9.283748453724727e6,9.336438963611215e6,4.562140038566911e6,9.190329788129194e6,4.360841106695044e6,9.340062768553173e6,9.30661864631848e6
40,9.329471031720186e6,4.540910529283248e6,9.183463152635524e6,4.271653657431872e6,9.304192750415053e6,9.29788808373591e6,9830.685691658407,55884.11251242552,6866.635493669659,70403.72079234198,19101.856260746717,11246.638861216605,30706,70945,4003,39741,9035,26703,9.319640346028527e6,4.485026416770822e6,9.176596517141854e6,4.20124993663953e6,9.285090894154307e6,9.286641444874693e6,9.339301717411844e6,4.596794641795673e6,9.190329788129194e6,4.342057378224214e6,9.3232946066758e6,9.309134722597126e6
44,9.297544091293322e6,4.446950152550384e6,9.183463402448164e6,4.235030311276987e6,9.299314740814742e6,9.261623631315501e6,8944.00609972328,56645.3685739208,6866.634586451575,73677.60733170528,18082.537209201604,10282.106770740822,29575,69813,4003,38583,9009,25572,9.288600085193599e6,4.390304783976464e6,9.176596767861713e6,4.161352703945282e6,9.28123220360554e6,9.25134152454476e6,9.306488097393045e6,4.503595521124305e6,9.190330037034616e6,4.3087079186086925e6,9.317397278023943e6,9.271905738086242e6
48,9.2768118954692e6,4.479659206159946e6,9.183463152635524e6,4.241317278685114e6,9.296111481975967e6,9.237677205247035e6,9501.171966703609,57709.20968575496,6866.635493669659,75056.27468131576,19920.12172073871,10939.155665215105,29465,69611,4003,38452,8988,25462,9.267310723502496e6,4.421949996474191e6,9.176596517141854e6,4.166261004003798e6,9.276191360255228e6,9.22673804958182e6,9.286313067435903e6,4.537368415845701e6,9.190329788129194e6,4.31637355336643e6,9.316031603696706e6,9.24861636091225e6
52,9.260484950300993e6,4.421715500436427e6,9.183463152635524e6,4.207060764582168e6,9.281303192080969e6,9.218957833041638e6,9574.023089135066,57843.75877010543,6866.635493669659,75986.48722643964,17830.5332195051,11076.460044499487,28572,68740,4003,37563,8991,24569,9.250910927211858e6,4.363871741666322e6,9.176596517141854e6,4.1310742773557287e6,9.263472658861464e6,9.207881372997139e6,9.270058973390128e6,4.4795592592065325e6,9.190329788129194e6,4.283047251808608e6,9.299133725300474e6,9.230034293086138e6
56,9.252972526927905e6,4.434492972558159e6,9.183463152635524e6,4.1107169585581915e6,9.265197693757623e6,9.209979610097857e6,7200.039074800909,52137.619493437,6866.635493669659,61768.89015081106,15393.805001569912,8230.488684935495,30266,70367,4003,39284,9019,26263,9.245772487853104e6,4.382355353064722e6,9.176596517141854e6,4.0489480684073805e6,9.249803888756054e6,9.201749121412922e6,9.260172566002706e6,4.486630592051596e6,9.190329788129194e6,4.1724858487090026e6,9.280591498759193e6,9.218210098782793e6
60,9.25259655020203e6,4.463574942146369e6,9.183463152635524e6,4.1297419111723276e6,9.260002658101672e6,9.20965680996542e6,7030.455400289968,52891.82664362993,6866.635493669659,63299.7235051333,15308.127907950431,8063.5941215232015,29451,69140,4003,38479,9029,25448,9.24556609480174e6,4.410683115502739e6,9.176596517141854e6,4.0664421876671943e6,9.244694530193722e6,9.201593215843897e6,9.25962700560232e6,4.516466768789999e6,9.190329788129194e6,4.193041634677461e6,9.275310786009623e6,9.217720404086944e6
64,9.2335579526673e6,4.37362219218122e6,9.183463402448164e6,4.1046259484877633e6,9.251077855633412e6,9.187646844560858e6,7008.264411740005,53435.6774056796,6866.634586451575,66325.13199550705,14924.961146518588,8078.584361154586,28437,68425,4003,37428,8991,24434,9.22654968825556e6,4.320186514775541e6,9.176596767861713e6,4.0383008164922562e6,9.236152894486893e6,9.179568260199703e6,9.24056621707904e6,4.4270578695869e6,9.190330037034616e6,4.1709510804832703e6,9.26600281677993e6,9.195725428922012e6