pipes,__fw_admit,__fw_dispatch,__fw_relinquish,__fw_unblock,__schedule,__fw_release,activate_task,E__fw_admit,E__fw_dispatch,E__fw_relinquish,E__fw_unblock,E__schedule,E__fw_release,Eactivate_task,C__fw_admit,C__fw_dispatch,C__fw_relinquish,C__fw_unblock,C__schedule,C__fw_release,Cactivate_task,EL__fw_admit,EL__fw_dispatch,EL__fw_relinquish,EL__fw_unblock,EL__schedule,EL__fw_release,ELactivate_task,ER__fw_admit,ER__fw_dispatch,ER__fw_relinquish,ER__fw_unblock,ER__schedule,ER__fw_release,ERactivate_task
4,1.5505111582263146e7,1.0759924786264762e8,1.2354392098458262e8,1.1012646132252921e8,1.3834614439305663e8,20500.,1.0798533458726646e8,573191.3490501735,207942.29006421566,357569.16665802896,254582.88886915147,410452.04719898105,0.,257636.1410048157,4127,270545,92039,174378,349629,4004,178505,1.4931920233212972e7,1.073913055725834e8,1.2318635181792459e8,1.0987187843366006e8,1.3793569234585765e8,20500.,1.0772769844626164e8,1.607830293131332e7,1.0780719015271184e8,1.2390149015124065e8,1.1038104421139836e8,1.387565964402556e8,20500.,1.0824297072827128e8
5,1.4275164647443663e7,7.436875836407344e7,8.764760944063674e7,7.952530368698269e7,8.508121541394958e7,20500.,7.760659008808483e7,356036.2843099218,207580.79854510725,414696.0916865915,235447.4420197457,346298.8132266551,0.,236110.30868208408,4127,186781,49753,132900,262230,4004,137027,1.3919128363133742e7,7.416117756552833e7,8.723291334895015e7,7.928985624496295e7,8.473491660072292e7,20500.,7.737047977940275e7,1.4631200931753585e7,7.457633916261855e7,8.806230553232333e7,7.976075112900244e7,8.542751422717623e7,20500.,7.784270039676692e7
6,1.3200011633543383e7,5.108212076839886e7,6.228166618442355e7,5.833697022093133e7,5.100314369039446e7,20500.,5.651166670184431e7,159221.58618464693,212529.222969383,471306.50731638074,232850.71256920695,288040.7136662975,0.,230187.19709520042,4126,128527,29031,95369,202477,4004,99495,1.3040790047358736e7,5.0869591545429476e7,6.181035967710717e7,5.810411950836212e7,5.071510297672816e7,20500.,5.628147950474911e7,1.335923321972803e7,5.129464999136824e7,6.275297269173993e7,5.8569820933500536e7,5.129118440406076e7,20500.,5.674185389893951e7
7,1.3046490671189725e7,3.671260783573939e7,4.5608615240914166e7,4.552599524887473e7,3.3358152398406833e7,20500.,4.3899238618632115e7,129106.91230293922,198124.08103945106,459975.9168518409,214688.82182184607,231856.66728303581,0.,209715.6403287053,4127,100718,20609,75982,173240,4004,80109,1.2917383758886786e7,3.651448375469994e7,4.5148639324062325e7,4.5311306427052885e7,3.31262957311238e7,20500.,4.368952297830341e7,1.3175597583492665e7,3.691073191677884e7,4.606859115776601e7,4.574068407069658e7,3.359000906568987e7,20500.,4.410895425896082e7
8,1.3044231402956143e7,2.8558244625096083e7,3.643196846793349e7,3.802946122967871e7,2.445236255697947e7,20500.,3.6582031127756365e7,125218.98649803735,187582.3317146115,441105.77034483105,200705.9212840423,199104.29407237843,0.,193955.7940184623,4127,85862,16840,64895,158171,4004,69022,1.2919012416458106e7,2.837066229338147e7,3.599086269758866e7,3.782875530839467e7,2.425325826290709e7,20500.,3.63880753337379e7,1.316945038945418e7,2.8745826956810694e7,3.687307423827832e7,3.8230167150962755e7,2.465146685105185e7,20500.,3.677598692177483e7
9,1.2782629876423553e7,2.1442443753197018e7,3.0003307083483916e7,3.104851653454967e7,1.7102726081240054e7,20500.,2.98063688160279e7,65290.43298904598,174459.98628132418,411947.4581351988,181617.82845697552,162573.8736721985,0.,173069.01935132965,4127,72333,13835,54371,144510,4004,58498,1.2717339443434507e7,2.1267983766915694e7,2.9591359625348717e7,3.0866898706092693e7,1.6940152207567856e7,20500.,2.963329979667657e7,1.2847920309412599e7,2.1616903739478342e7,3.0415254541619115e7,3.1230134363006644e7,1.7265299954912253e7,20500.,2.9979437835379228e7
10,1.2790697237702932e7,1.7977273923037e7,2.557280888906262e7,2.7853676208009183e7,1.4018384807953905e7,20500.,2.6762541440963328e7,64880.466996435076,159377.50505229086,372770.67718602717,168670.45123988762,142640.39336437918,0.,159537.70904154703,4127,67435,12791,50517,140409,4004,54644,1.2725816770706497e7,1.781789641798471e7,2.5200038211876594e7,2.7685005756769296e7,1.3875744414589526e7,20500.,2.660300373192178e7,1.2855577704699367e7,1.813665142808929e7,2.5945579566248648e7,2.802234665924907e7,1.4161025201318284e7,20500.,2.6922079150004875e7
12,1.270730361037073e7,1.2746681223513547e7,2.0445701385843348e7,2.3040390020954497e7,9.811416680247115e6,20500.,2.2248995382650554e7,50260.94125637226,128848.3708291743,292320.8724541068,135303.02202651277,106076.38553655148,0.,126788.68316057324,4127,62296,11401,46768,134998,4004,50895,1.2657042669114357e7,1.2617832852684373e7,2.015338051338924e7,2.2905086998927984e7,9.705340294710563e6,20500.,2.212220669948998e7,1.2757564551627101e7,1.2875529594342722e7,2.0738022258297455e7,2.317569304298101e7,9.917493065783666e6,20500.,2.2375784065811127e7
14,1.2643801429609885e7,1.0613706532912998e7,1.85300824080022e7,2.080020316321351e7,8.190970617693608e6,20500.,2.0137577840274706e7,29540.90662316233,127981.92205697484,251311.42935967445,124120.88178010657,97219.97476534266,0.,115228.14766125754,4127,58366,10897,43342,130793,4004,47469,1.2614260522986723e7,1.0485724610856023e7,1.8278770978642527e7,2.0676082281433403e7,8.093750642928265e6,20500.,2.002234969261345e7,1.2673342336233048e7,1.0741688454969972e7,1.8781393837361876e7,2.0924324044993617e7,8.28819059245895e6,20500.,2.0252805987935964e7
16,1.2603571601647686e7,7.841721249976196e6,1.6665998835742699e7,1.799176504109877e7,6.210995571691058e6,20500.,1.7511395062313415e7,18754.740229334682,111395.89001604822,200201.80260816403,100163.64315576106,80373.04923771787,0.,91668.19767814502,4127,52513,10307,38079,124088,4004,42206,1.2584816861418352e7,7.730325359960148e6,1.6465797033134533e7,1.789160139794301e7,6.13062252245334e6,20500.,1.741972686463527e7,1.262232634187702e7,7.953117139992245e6,1.6866200638350863e7,1.809192868425453e7,6.2913686209287755e6,20500.,1.760306325999156e7
20,1.2605537324285021e7,5.529967254800208e6,1.5079967717179986e7,1.5683293654266959e7,4.570552368984532e6,20500.,1.5399103760318741e7,20626.769588163123,94925.45514230523,147535.29451509565,75308.19240418449,62759.976603944786,0.,67925.1548508741,4126,48175,9773,34275,120959,4004,38401,1.2584910554696858e7,5.435041799657903e6,1.493243242266489e7,1.5607985461862775e7,4.507792392380587e6,20500.,1.5331178605467867e7,1.2626164093873184e7,5.624892709942513e6,1.5227503011695081e7,1.5758601846671144e7,4.633312345588476e6,20500.,1.5467028915169615e7
24,1.260068197237703e7,4.960463336545024e6,1.4681930140642645e7,1.5038598803894298e7,4.317376192796524e6,20500.,1.4834050003742795e7,21536.017795331776,83525.49031595234,123730.7375173904,61782.49414820224,56588.96370853763,0.,55936.803312441334,4127,49818,9741,35950,123135,4004,40077,1.2579145954581698e7,4.876937846229072e6,1.4558199403125254e7,1.4976816309746096e7,4.260787229087986e6,20500.,1.4778113200430354e7,1.2622217990172362e7,5.043988826860976e6,1.4805660878160035e7,1.51003812980425e7,4.373965156505061e6,20500.,1.4889986807055237e7
28,1.2612797624818226e7,3.905775225709372e6,1.393328917929953e7,1.4138217514468474e7,3.6302477063835147e6,20500.,1.401441005520078e7,22772.68054618314,72288.72842758987,95347.011982942,51236.77644249983,48436.66628567688,0.,45849.40522989072,4126,46520,9565,32830,119135,4004,36956,1.2590024944272043e7,3.8334864972817823e6,1.3837942167316588e7,1.4086980738025974e7,3.581811040097838e6,20500.,1.396856064997089e7,1.263557030536441e7,3.978063954136962e6,1.4028636191282472e7,1.4189454290910974e7,3.6786843726691916e6,20500.,1.406025946043067e7
32,1.2584103949600194e7,3.734152974013891e6,1.378640049075911e7,1.3917135726148736e7,3.556621597818539e6,20500.,1.3813491839742364e7,13240.072849670425,66209.03529279726,80594.46392766945,47909.71965893358,45917.11814870918,0.,42757.67833880521,4127,46217,9577,32514,118086,4004,36641,1.2570863876750523e7,3.667943938721094e6,1.370580602683144e7,1.3869226006489802e7,3.51070447966983e6,20500.,1.377073416140356e7,1.2597344022449864e7,3.8003620093066883e6,1.386699495468678e7,1.396504544580767e7,3.602538715967248e6,20500.,1.385624951808117e7
40,1.2575280227768354e7,3.121502138816062e6,1.3339379086359281e7,1.3260221055969028e7,3.121858247665755e6,20500.,1.3223800821355237e7,9480.821347383782,74444.6596159623,58129.90061781742,39174.47862652503,44645.99980833661,0.,34532.3682306353,4127,43482,9391,29963,116633,4004,34090,1.256579940642097e7,3.0470574792000996e6,1.3281249185741464e7,1.3221046577342503e7,3.0772122478574184e6,20500.,1.3189268453124601e7,1.2584761049115738e7,3.195946798432024e6,1.3397508986977099e7,1.3299395534595553e7,3.1665042474740916e6,20500.,1.3258333189585872e7
48,1.2567159961221522e7,3.0228793398477957e6,1.3247967510954365e7,1.309606994600886e7,3.134530722458823e6,20500.,1.3080320392503638e7,6074.013252492994,65455.455723043066,51095.56000688672,34859.19228995964,42075.04341798648,0.,30816.269523845986,4126,44414,9357,30931,116934,4004,35057,1.2561085947969029e7,2.9574238841247526e6,1.3196871950947478e7,1.30612107537189e7,3.0924556790408366e6,20500.,1.3049504122979792e7,1.2573233974474015e7,3.0883347955708387e6,1.3299063070961252e7,1.3130929138298819e7,3.1766057658768096e6,20500.,1.3111136662027484e7
56,1.2565695420402229e7,2.7709922834537006e6,1.3000679628835013e7,1.2870607629291685e7,2.9420504412217396e6,20500.,1.288026570734278e7,5292.001231292263,69748.24652922014,38682.259978352115,31223.843002311885,41537.77550588455,0.,27478.602128855884,4127,43478,9322,30029,116948,4004,34156,1.2560403419170937e7,2.7012440369244805e6,1.2961997368856661e7,1.2839383786289373e7,2.900512665715855e6,20500.,1.2852787105213923e7,1.2570987421633521e7,2.8407405299829207e6,1.3039361888813365e7,1.2901831472293997e7,2.983588216727624e6,20500.,1.2907744309471635e7
64,1.2567575236249091e7,2.6593424418736277e6,1.2928354503587876e7,1.271999825766951e7,2.9405083245908073e6,20500.,1.2748439238653002e7,4454.470969989896,67105.85775999725,31738.482877554372,27532.813240034506,40943.05087518692,0.,24281.82094233483,4127,44171,9337,30706,117243,4004,34833,1.2563120765279101e7,2.5922365841136305e6,1.2896616020710321e7,1.2692465444429476e7,2.8995652737156204e6,20500.,1.2724157417710667e7,1.2572029707219081e7,2.726448299633625e6,1.296009298646543e7,1.2747531070909545e7,2.9814513754659942e6,20500.,1.2772721059595337e7
80,1.2562090281143965e7,2.6668876790639735e6,1.282818834486429e7,1.2652655368220137e7,3.0170930869587376e6,20500.,1.2688647464919435e7,455.46485696733,75692.09380603023,25998.621079696342,25430.425060490146,44457.161550888326,0.,22481.77646703832,4126,44956,9395,31435,117734,4004,35561,1.2561634816286998e7,2.5911955852579433e6,1.2802189723784594e7,1.2627224943159647e7,2.9726359254078493e6,20500.,1.2666165688452397e7,1.2562545746000933e7,2.7425797728700037e6,1.2854186965943987e7,1.2678085793280628e7,3.061550248509626e6,20500.,1.2711129241386473e7
96,1.2567640901381148e7,2.6015811848473568e6,1.2783315254783917e7,1.2537660958440503e7,2.8665209461323586e6,20500.,1.2587835115070527e7,5336.29151211679,86924.15371947875,23419.601446526125,24523.134403020144,45358.69847796857,0.,21527.76268928498,4127,42976,9302,29548,115988,4004,33675,1.2562304609869031e7,2.514657031127878e6,1.2759895653337391e7,1.2513137824037483e7,2.82116224765439e6,20500.,1.2566307352381242e7,1.2572977192893265e7,2.6885053385668355e6,1.2806734856230443e7,1.2562184092843523e7,2.911879644610327e6,20500.,1.2609362877759812e7
112,1.256855342864066e7,2.6210270185249913e6,1.2706550075301206e7,1.2425335226502102e7,2.8991644900659947e6,20500.,1.2489416401439663e7,5347.364212634042,100804.03540069517,17642.79643827118,22031.95897290483,49855.282396166585,0.,19344.88443707116,4127,42915,9296,29492,114858,4004,33619,1.2563206064428026e7,2.520222983124296e6,1.2688907278862935e7,1.2403303267529197e7,2.849309207669828e6,20500.,1.2470071517002592e7,1.2573900792853294e7,2.7218310539256865e6,1.2724192871739477e7,1.2447367185475007e7,2.9490197724621613e6,20500.,1.2508761285876734e7
128,1.2561570268960504e7,2.0579546454796044e6,1.2626895673336938e7,1.234652414510554e7,2.6862333114782763e6,20500.,1.2419183885515533e7,314.1695542111993,31294.418370252708,6932.685342712328,19166.03581999801,32331.476106140763,0.,16851.07974554971,4127,43171,9245,29799,114390,4004,33926,1.2561256099406293e7,2.0266602271093517e6,1.2619962987994226e7,1.2327358109285543e7,2.6539018353721355e6,20500.,1.2402332805769984e7,1.2561884438514715e7,2.089249063849857e6,1.263382835867965e7,1.2365690180925539e7,2.718564787584417e6,20500.,1.2436034965261083e7